3685616
29802394
8539032
14157520
3362234
49363541
17479
3083485
10079480
49728
240989
67072
8475191
1046985
1395
16556
74830
350666
5245701
44954662
16997576
2274197
1837721
750464
20751966
22523831
82357
248083
16425
358546
703112
3575929
3360224
16187
24423012
627020
2610304
577188
15281541
11415889
138192
21283763
165824
375260
28015430
238429
3969
17750903
3591697
22303
1499640
2319826
21131596
3517452
19179392
8143396
9620733
4706581
2654186
2411074
37332
1851993
5373842
405421
28018225
2616465
1046206
1247566
38589404
1172850
3556218
64598
10264
947219
1585380
3668827
24472561
22790
9559286
4419938
1530485
6918478
28223827
3319963
192480
1417429
716102
823411
27411632
173848
319149
26532
12823760
7501729
214340
1248450
142292
817035
415109
43522591
242497
1168437
3692798
2346133
4387036
40648855
1115033
27972967
7154685
171808
14640462
1165276
8880668
5689900
2522386
6605249
8797982
48596
415000
14971675
3631934
15956333
18501550
212234
26010196
12987078
4376380
3538069
7840
5495985
12024
192990
30863387
176544
11885068
62480
47510
4860146
949755
8185565
659016
5112700
1872314
67538
20709
7934681
179114
8200784
42773463
1156420
57799
42336893
18409869
1868035
575668
1197928
27173077
3240833
23751558
205137
314510
19729548
10418264
3146198
231728
45083774
46854
186729
14882551
18325173
38898977
63342
533748
8522
12766321
2033102
3647512
287847
14105035
17211812
30179664
1904536
20406
1139206
747188
5513119
33713408
1782897
18994363
407078
2461964
330574
5391564
7015404
15398727
7720239
5542862
24102040
67516
3020925
1952495
15641381
14482360
27428105
61599
671582
13411107
3993569
3042989
24356582
1092757
3460966
1261329
350491
18613162
4055812
180869
17276
2274247
51275
253074
214042
3369304
3573298
8861687
34186501
10085
11548718
30285956
197202
1819809
60557
354307
12806049
20393948
621
166964
351759
692976
1264212
12169246
2482107
16095
7715205
25979929
360245
455084
32127692
76370
27340231
7226605
45474126
838950
584593
485363
789006
1620499
9372569
147019
24918912
140795
33206021
46755
682752
16361229
418065
2842197
34139046
44926841
37407571
63229
2108091
39024575
50604957
320401
39425314
6424
2528069
30335473
45315201
404899
10854545
1326400
2867405
38192075
147941
22567177
382824
20357923
25471166
1849799
3804714
22543268
700400
3218853
2681585
1025635
485336
64300
46823
11430743
2483919
41813456
5539448
4579109
30314802
25937372
1667697
68187
1173744
37088480
150927
38817412
1773046
333778
36448046
2238902
31790769
6899003
5024887
17973603
1926
36917
233717
35282598
1662976
19729241
6775666
24122202
26904140
33949468
17443
32917
42090
15930
6110739
36741
1729540
33955100
132482
18471049
741599
377318
46699386
572069
23218433
55188
2281576
275915
1813165
48068
2017664
667919
8520
7011007
4864744
28826483
17696183
383395
24184042
3576038
145326
44338010
37796084
892876
99063
623013
2052173
10185776
38096223
269945
196842
31392
402120
1519020
24705615
475191
18520389
409605
50454053
5689684
3254467
308036
33939820
2093520
12039748
938832
478684
39053585
473228
1886978
6844905
17781033
655747
35799861
22926
15061596
73575
5464960
26321288
31755785
16550
269405
1048994
579947
13740467
855465
31156170
40685706
262170
398631
6554225
13554
507754
38216125
1112959
38245
1797946
20028506
42943433
3340175
13897191
43801045
7057218
9116477
351176
25406
105391
23140073
404373
29088807
3879766
9297821
167335
12035705
207886
1972785
5662604
24573947
16954989
7054910
1193337
11028994
874
13069334
15912
39771154
34349919
18376384
23325915
865416
195305
929458
30040
440119
30845104
195437
7682623
1903351
36253615
6782761
18711188
3103645
21777191
199921
16881504
45371
811484
24518
26590175
388148
26015575
13308
2322017
20373503
23772391
9025199
543162
16175485
151143
27622457
6235
5951
38704751
797798
8713047
86700
21009963
1044456
1666662
19337310
866485
968777
1160278
3133684
4572
461920
25645
326299
24503
13256
799287
1424178
35182845
4590393
16578
17270704
10446380
6112615
198474
23538713
83895
2866410
20206
10339530
20796
682586
1683014
15440316
614165
537601
31176601
6420
4606476
17180190
3520190
2722296
382160
24475766
30875778
750583
2559040
27508590
12722490
31837227
37856051
15980
36896
466888
33522
4444730
2325724
9174707
189351
11242
38867325
3547560
5247568
376179
18842323
31984199
265667
13655028
15155
266325
13602
1972323
250016
71792
11105683
2641583
24879604
49453
21792657
18276506
437415
1043247
1329082
9627
43522631
1738794
194791
163633
63758
816344
30603493
49165648
15766637
2604208
15306928
902567
3595160
3100262
15316430
8995535
427655
494152
4286037
501984
586782
7987684
18830712
14350259
42968054
24639
2192476
202500
44737305
1258137
854159
14174494
42341066
11879939
408198
663
1922628
12981647
46988536
352699
43460
17273354
900554
7912027
977013
81455
413102
28628282
24695089
9415710
48570
1196101
1243619
5318087
36598189
34502778
339197
45700176
4292915
156068
29780419
1303351
5517291
7428368
30864290
630637
662281
29510255
667925
10418694
52573493
6097240
20584918
17860
7409287
143298
21449083
53273
12518242
1860614
45509907
22225546
3635561
11574890
36496307
1988236
184474
200128
355679
1274481
12321977
4879958
38470727
21869722
326787
52761228
16198081
650582
2426050
30079569
2114954
128362
450886
10446358
44059
52757
2228717
8870404
5076476
15872
31978
33643743
513149
169477
2254408
5042916
6751
2040581
20439887
26428
1386117
334321
171498
371213
2685664
266617
1387025
16880
3793
1550022
15890
165908
39237133
2177920
304107
50760465
986986
30846779
32797228
1111728
649131
25198689
10035910
14288
752559
10612527
3016271
47450065
21436165
2326001
12504289
45388
33201414
180714
19318
4243425
2803546
24922049
6693638
6307138
54572207
13483595
2221775
25823619
4456451
1091918
761338
18960141
3916161
854294
61188
586693
321090
42058947
440398
22365457
7536709
628446
28846678
34289
181720
1201014
17009274
14707921
4072359
11048662
39034
391415
39241299
6166465
137473
5270311
24505867
33430
20602003
127545
33374981
3646611
1008284
3155168
22576
20874221
1489172
298658
1624
2024871
20069
68065
12153219
15691527
15707237
7235
12552
18053
15985351
22232729
29028
25523
2304453
60540
12531285
40892661
8983620
10373332
48927
768795
45055340
21778431
227519
758737
5445473
1353717
182013
2070801
26567636
23876381
7940
6393260
187387
983374
1903999
1224878
17450
157626
26822
40812014
21703763
824265
495671
35755987
37944635
53028600
16996257
544577
167874
21105750
26751
12717
21013002
1134149
1671153
3216203
7322276
767658
17573131
224443
149225
74860
643758
7073866
262625
37914
452246
390763
22707742
761443
273808
5227023
92385
6119782
42029
20617798
199483
5422144
7423937
1222129
18787
4758074
44889641
12026378
20767983
9941
988503
27767054
737123
679074
80521
1949566
21490963
4829979
11929739
343831
11608770
239842
20613945
1274863
312990
33265
1255562
393302
812769
451170
6673880
1061544
157814
23248018
8482163
705620
41345251
20759225
475370
31271813
11820
9976582
238508
55021
174609
213163
10664882
165561
4826777
23330085
2064329
5535324
23883287
4327318
1007764
100730
12748526
6195
1448709
253828
260841
28804139
21262462
716290
25473
74934
46895003
1306774
227494
103246
21240748
884589
131007
981069
3291618
5689694
16487972
220160
6774768
10771083
996468
35397147
4603458
1065808
11046246
736173
3081760
24437894
1916131
17439763
12855
25504525
1727195
14520703
25821
22473609
24231219
327421
21254478
4535681
14504765
22674280
28752360
345245
3647906
51448968
42778913
387155
31316984
6112839
163382
5488
58522
4700284
200020
437579
23271128
61363
634598
192551
10856317
2375561
10751309
47102314
26743
19392462
1783947
20057
8282374
24642031
4315113
5517256
21277280
16757822
36437608
21619099
11408
2322112
31338
25433
360300
322159
1330528
1756354
8550588
180968
50559325
54277126
12866
313807
167809
293253
251815
30014673
42225268
307333
173825
6366
21684015
5676721
58547
5778038
2269319
18864191
48083
2146652
27749327
46684
62400
216601
534060
1176460
884570
30336278
206879
151438
27097
21970352
9320518
716553
14545747
21996185
8543872
588579
34277479
318677
26831967
1332321
37854530
60261
74914
51897715
30875069
21919680
55460657
1574480
50283659
14449116
1352813
8747079
163278
461940
22276267
1018087
1068282
2019985
43435134
163895
21222331
23570482
141738
1811611
28014342
25341765
11638311
1568261
63110
9480344
568055
436901
4187217
49448
11388236
231030
32145197
418082
1655799
809205
10806054
244511
1696369
21430675
31999778
3342184
113158
762860
149258
45094397
37252
26901564
2192151
169071
10071575
20893431
29308417
21871243
237790
81740
42758
7978458
19162979
3640544
1880157
13978625
218947
16365141
425351
1587457
1739914
195781
20434173
28128359
406203
556344
630226
14490488
4349420
4096922
19995454
1249630
28643611
21231
30570
145162
3222510
30711077
15665413
568513
33924
20208
155452
40004631
8900317
21709
28882454
54861
2995
18386478
1137956
144155
27723127
5399109
218937
647287
14876329
7663818
306392
1624489
142586
143809
296445
24222783
63727
89059
6884590
7762235
60112
51375500
12444629
103174
27255201
30321125
30518782
1208345
333116
16522290
34525509
1901894
558192
679716
386071
302759
25409
28580
5325815
43545369
189457
2561631
46389
6764062
41623782
51375451
330943
12164267
25738381
7955
61180
6987282
5079506
870173
6799620
18268826
24593095
2395137
44207
355000
60026
27985733
36753
204517
202240
34171833
1691739
12743574
2204977
29450657
21491527
29812
1932784
179727
157531
24806127
9544911
331550
33260703
147537
424878
1051892
5164268
1938172
537564
10579212
2349722
1587162
267366
20914714
1325
21140
221812
10923896
2103403
1628688
7047921
161781
664348
30270385
15867436
354295
2266087
2465797
761530
1866464
16997385
9366006
4190331
525087
44667
6334902
12364593
42173
5663276
964488
638452
15736
1085508
84625
293349
40415
698908
2692166
15873223
35811856
6050835
927116
8363238
1738033
165813
161301
274258
52684663
50857107
510323
179516
34340
27680
65450
1861237
1336536
2380593
7821699
5884
2333728
2447
691024
4243203
484651
27490
38270197
20926242
3536094
40027591
6899422
1805298
50709
180172
2877
3381361
1818580
25411784
1818561
48559
34440607
4366578
1098784
1933628
329119
1127874
168730
303448
252163
22477792
18600991
583193
872892
5843419
17375601
153399
37368026
46591
24222749
21480846
39227845
17643033
570307
5167559
1322
63376
44503418
19612185
606599
23924
64437
526868
49323540
8083408
5753489
17158563
6074980
5043192
24547163
26833326
185216
200643
42586
7990670
40131108
4228940
2412892
44962107
23601
1199037
10189871
4900499
78016
2721791
4685717
180464
49241
31898459
11384647
51394624
25452
5549981
9577500
28619732
50598876
15420536
24661039
2466953
1547570
20435003
613055
750947
25017933
160210
367154
48870326
296604
49353615
751
427018
50838
30873392
45511928
2056411
489729
41075825
843918
196393
561510
7268413
45611844
1866658
14257771
485396
40203
3064088
13922141
20786
40598189
17917891
517143
52780
38781472
8457430
858302
1565138
657814
21060373
8008893
697976
1216438
21275
1196618
3332585
14744091
15363621
151686
25446122
365602
541972
1132100
9764
1347682
1251051
5030380
10639793
626586
18914017
503139
240593
16909177
864510
7278018
211816
585824
296154
301737
29810
551608
11903526
25088935
4471637
37920930
5689862
16172170
521205
310238
2403543
23447846
8592
1045094
30246742
1042993
6086795
26451186
33299
14193967
934404
2096956
37836222
43667
4590006
49494495
1136537
195656
31773
22243256
21573020
418820
31307
264228
232190
4374491
5821088
2166304
6170375
21051645
57659
6164542
25786047
17780861
391488
48644
50045750
483468
24597954
1111973
21615
567440
14180346
42435759
310196
450176
1095457
45155095
13606554
13521161
6890967
457096
15852
8394508
20374
543848
47801
48643802
1449198
7014327
26678
25832
543691
16051292
26292870
1114086
12242207
903002
43373
431695
293096
3136619
153642
53330484
4097343
10430868
5230443
12731
46609017
2372757
1271677
652414
915266
31275
4314896
8455572
61334
13766499
72879
2921829
486527
37243
2853227
42838617
18494414
5693206
1385882
456555
1990194
18502182
267008
1109483
30632499
36278145
1423284
5026007
24898496
142426
8145410
1738844
81473
8446088
40874700
849186
799881
4633888
14314296
4567536
1531811
12174946
151806
340167
40838129
1483429
103990
18469573
9587389
944612
5653238
1461470
3098028
20807
17902
6403555
337069
37536
1273
850072
25054865
9228
18836
80880
37753
219048
4257673
2205026
309106
17782843
223204
15329558
28263272
38498
269055
86918
12357298
147591
37893725
673671
1411100
5058323
42731899
37407
59545
1204088
954222
585896
44301917
175928
5689877
233760
28549124
703040
1494
11963035
7627307
8198998
242123
20589526
221162
1513496
9688792
2072335
57985
17670890
15767841
23141453
29140923
237782
23049623
17693259
1745270
7029997
61075
6153561
5232901
4933176
27998334
5689882
38424193
1528244
199956
41908173
49453403
113600
556209
16975609
36649
20907274
1437605
29188721
17862
52370429
322460
158835
30662
88609
878191
586822
16598458
1088360
4349252
48664
1792493
45010
2511
41346433
420806
4621259
23984
6325129
604244
50072
9736
80888
26086506
35742993
145874
20031091
986788
21304243
1591079
2236836
12284552
38820233
19957608
2457345
1377365
23037
5342188
7240641
183655
9997145
41865819
38328317
16771667
417878
53787
6904863
1844
243685
747903
18884607
21213398
3297716
16782611
21218
21739989
1430549
11924059
40308234
4633879
11869479
26049
16304850
4669293
2251923
22612619
46998525
9791680
11222692
522634
1251346
1453473
50693
5012175
322239
12454109
1040599
21080599
284767
25547092
1193338
15866975
47262498
3181419
15793383
599315
59385
22378121
11383239
8560288
731653
841
24572212
27690808
33468684
50397
251489
17369680
969608
3982599
5043162
1070016
204679
239253
3530359
8389
15441402
22449893
1607755
42434103
47402
265965
113619
85425
318600
4365490
231234
155816
1742984
41953
648216
486195
41535
12037553
30697259
198435
86774
352843
34655588
26897197
334532
7915696
660448
1336596
1808880
15060880
10412631
77270
1623
1936139
23141160
902
2668732
15021680
12516397
422111
21451929
826975
4986127
45929
34206801
3318765
181438
300667
1768714
175847
2499473
33119
17214829
23574524
2068545
18243685
1933931
30319330
12174949
18739
1775924
2144
18373853
30051902
14227
32648556
195797
44849
25250772
41518250
11015252
5406531
654818
498137
729708
86402
5689889
22858804
531287
15327119
19729467
980998
309803
1814
60120
7670257
27098
18962647
75392
5069239
3635520
6641
137612
230311
16796
31512146
32113606
771137
33797800
324996
1347
40653209
13799933
2145318
4689517
249601
164120
35982356
13473216
30518
176659
42730079
1086719
23115146
1719369
18940560
49213133
30955593
46913718
2258634
3673785
19179592
481634
27598579
12621591
38825214
12630698
145295
20859
42683819
217394
14687065
21486576
378727
3085794
50534
7516835
5760145
624058
26481698
51375442
2007862
2180869
1126782
4011202
37532581
17071240
37486661
341356
610336
11176970
147976
52508440
37282846
37730837
1587397
26304346
161087
365730
480458
1445372
12547405
3645339
1147636
4173
5447
693018
13159
209218
233734
47818563
238428
41957579
1262612
1669508
51547473
89260
10373719
2068555
81114
14474201
1792150
8408748
5831344
3654105
927917
699650
8652034
45474
4323952
413157
31890921
1392800
75233
321196
250764
2941282
31073225
320183
883762
488508
4165
4868637
10256794
18664
2796885
7218040
21909238
15121397
5571803
11643443
485630
49402905
2211037
739672
10821
765328
490071
1578321
38881745
9288
7950296
19916686
226211
1362402
44014406
22822937
162279
655533
954
153654
38268807
2582359
8334574
848735
3310762
27461528
46387997
672153
214799
25360247
32362
4149791
48952482
15941
485670
17781156
22416
52727
19331
396607
25292523
4996
901421
18918781
2554949
27885687
13624264
2273006
199895
1215089
264865
14720145
46416535
56495
56483
44359
3043886
62766
24605823
1055633
6880483
16304859
930820
3316158
11246
1264072
508396
24893115
178253
1367
529138
48571
33060
788823
98927
13259237
19269991
1292484
5068852
1734619
42868046
2642185
979232
804242
5930321
24043800
346987
21088389
37398
3860399
288607
2954629
14816487
30871074
2698453
24135184
21779590
25691354
799605
14579421
26581728
12819758
817478
43351
242464
7368926
207122
3282123
41934646
203813
146595
3620463
19679
5517329
201258
691304
12519099
29594
17036395
26035701
400421
164227
333335
2077273
7122190
23047813
27986017
5144271
334013
11118163
7544182
254091
216485
10895698
638764
3457
30320
32429
562034
1911723
6841099
206947
571134
264310
39634575
1034779
28149
44980
21286191
862425
12461683
518117
4143109
84806
477917
20603
1769148
50236
5054349
30873232
3023543
1939621
42368
412059
408116
31795249
7501317
9813901
10137443
6139438
712369
4637590
3146917
2967578
55029
1130636
9246090
10258
31712112
602909
339153
14726482
21209639
11130712
86418
13869
322343
1820218
29180
7412236
17215073
55904
4553296
194557
20824615
33008767
48594
3740555
218110
18835362
51545978
955656
17337043
1121167
7210171
13217659
6174226
23501184
43421
34476728
3164979
682973
318482
9151759
28241098
2204330
23284357
25887432
976861
690237
196999
17545729
46709309
27892541
25120
1469321
2598780
6976850
6344136
33493008
31297613
37530
25998318
5668013
2210652
51763
1560672
8790920
36393193
6206463
2368408
27600851
3649431
6852933
14129491
30268493
52759
4401
41507141
578101
6614
27922491
30664
196758
7549995
444845
632331
8221341
145855
581916
5553778
405674
33386061
33247070
4529709
75124
3242421
128549
145450
12471572
292993
74840
2959179
16996908
7483495
322139
222975
10568
27303361
76894
42672582
266034
70318
40977161
5585516
441661
23723190
1346
55125362
42634
11524747
654565
40525
26546192
8510188
1300568
589889
1442182
24451
50521
4047065
5058442
706498
32173
208417
12149763
39725920
930137
1377512
3613485
27355645
22877183
8468930
22120297
29593808
20754031
16134
49132691
4436357
15384087
1133403
2168853
21685577
6050019
66781
1553629
31752
439249
145492
151898
227294
5136608
2834
282390
66951
26770557
16722049
21501970
476239
33639698
167807
1452052
2082508
25529736
47974
379635
6885958
54832
400686
202664
1190305
1665978
345426
827595
1109587
233741
1219118
20943629
46531
36112130
383012
5365289
108956
9028799
21845600
209131
1123637
4368
1180073
165278
28953
5956143
51120604
2730327
73087
5817097
840060
23534015
30322770
36078060
41060650
5607575
46377
1423769
19673269
2732630
12558
6964665
620258
15256135
150996
5153927
145975
73218
3598864
33930403
12266
38252
30502
1011219
5792809
2230037
80027
1177013
2958224
20336287
294177
199503
11193991
15577066
326268
4632779
25790661
500085
20716
16477368
6237735
20128213
998134
4840159
398028
2199066
580673
12491143
79448
379011
607950
7356968
2141312
178842
200437
1671404
3345384
34542
4039865
355236
1838125
1045766
19052492
23277374
46984685
3795900
27642638
235406
30472281
192974
417493
10007056
44149639
433310
685793
36624220
11024036
230107
1575
89141
28736
3875
230916
17543924
29910589
1048702
797197
950311
94339
36158609
1414022
44352417
1299930
948631
54546683
256672
142510
437326
12825097
158997
12384
1021764
1953818
3367123
3491441
2108020
594441
203503
186160
12247789
5876878
19283361
3206680
307156
738508
82489
36601293
447094
18993006
88817
446891
2411958
241128
28290773
26710919
10534014
3631913
351192
8003501
60070
5219137
5664133
30294909
14169692
44812438
3277
38753229
199511
10096485
32812
43521887
213454
3461518
259110
409576
2263604
14270724
20913246
31010416
7463656
12083313
10995620
18599942
50334808
37632955
2168838
298282
44469
1611216
30625
143174
511343
1800287
12466027
50226
46605
15585296
30659
193577
19969091
18932608
52840
18756
2187141
979165
52943305
6276019
45099648
46713155
3459560
2802390
344149
18959138
7053
10802
10608031
598363
16579
737778
18324784
13407760
434330
22160654
2980679
208995
46659847
9944838
33304947
33750773
11942501
200052
14242284
1754250
939555
64906
6794
401012
684997
426456
2103725
30201177
659458
39075
1139725
15782
976586
1554274
7456201
19238871
7237943
276241
564099
62132
40853572
22915
70023
428008
3775304
40359903
307179
586836
797653
32529
5568326
4049
1111187
249154
275536
12933313
26835241
3195102
2209101
12174750
2217988
277006
37885
9831608
33565082
51265418
4001434
262875
392191
17747
12216
2300849
203545
18360071
27918
64746
8210796
3830432
3122976
9513661
9959752
52724615
23957383
21657527
46880915
1677221
3652716
5988730
43004753
37589
25659767
18339563
6700775
40053417
40581436
21051489
15844676
47986340
3156605
869155
43497399
26098272
31943410
1995922
196337
20646635
419271
3826722
56740635
2094345
73930
560061
47063
9702578
157562
3519778
587693
1257177
27227163
17549375
2070418
44925295
1389913
17364564
13255
40673
24523894
37502324
1449448
475482
132071
36529606
48405
732780
15449396
1711397
25566694
4459575
908752
52755
2164263
341054
981085
7841228
497639
48431306
11075159
6866387
5517313
38371899
27867434
804581
12481557
652500
2198997
1466653
976909
165329
869160
2224370
32454888
13901083
24629846
29390357
502048
29079065
5081318
47548
6036140
7732020
4271952
153067
17601646
2456129
14629980
29191170
17733227
17365302
1646966
113445
208533
1162324
209960
1237153
13380735
23309899
15531632
3413286
1220133
22489
11084007
288140
17130499
58296
30608539
22289216
57079
30356816
21141589
41531763
2399998
465004
618124
27701630
209060
299809
576161
19704038
6813717
1530807
10158504
27308010
17194836
298906
18798090
3099417
1210286
27568728
12397645
1203061
15600
113727
1194039
992238
1118396
37782
371198
14427850
469185
6125631
5830658
11172696
180923
42171017
2890
1855215
732460
30388
977032
6008260
5556351
106130
91853
35000778
19464507
12234888
30871177
9279
1916053
2247002
47923
3184095
188590
38817262
2197917
1257935
4501200
7847834
44848
50642524
628683
10979820
9581
8672776
1821737
47114712
33769420
46768119
16066169
1300990
554587
141871
13803658
224314
16564
418902
24808966
1068513
11436581
18424300
4606
23976719
12943672
7948631
26428484
35547704
162154
13362612
5134
321495
1128651
2933634
20389686
219731
45390653
188086
882974
10314930
218075
45280
24321799
29191177
13994533
40986946
28283124
145321
763392
79655
40606
216663
4312527
582519
6853840
5055422
3105343
573888
38725
21745871
51465
1192058
51983
307795
1238455
66968
745960
1582771
47711320
23051602
1945901
41376649
5531401
21406027
2761037
629880
11927837
38835481
18110
51106
23545010
1143433
2664474
207940
21001281
47433016
12471589
8626854
52758
21491601
35243508
40400
726650
18119
75847
11908471
13711492
47604439
459448
21728279
2548353
19980386
1142605
42689546
999875
11367573
216717
33501
3454180
549318
10044841
29763605
19605
145315
31342635
19178965
190291
37932342
163531
184774
1405895
6367
177032
228613
2880082
105309
1060321
21181
1866473
7027786
239413
216315
938699
17973753
488520
29767204
66743
12242
21232865
712895
5199283
27900561
376907
567471
22795875
520498
5398365
3608348
216990
300825
942346
550629
1581556
57172
33786844
4116
25752436
62278
36404897
630354
73370
20860135
22353921
10245
1604694
44982220
39658557
475834
9006217
19382791
5888431
3594988
1738084
2312056
87610
39543672
246333
19567899
29172960
24851421
475452
26570330
2361104
30041
32767
147156
19961487
149131
5783379
1594608
149875
1788588
44747859
16029555
2591753
24056540
1082759
746586
1967320
602071
1790176
6276716
4622696
36448028
29383
65568
21049733
351949
74337
317022
4258433
43337
1108139
6089392
5610927
3804776
23552404
1143240
16050905
494547
12963058
8420
36814246
53085
295701
195770
445359
25123628
19972602
40017556
250046
3030609
20798704
2669315
461635
17442515
1290566
26997138
18170706
684834
1959977
22984
1215064
1922545
1519416
29922
1210385
31709160
11211958
4246681
10825132
1215338
59707
33917
19603
51053117
3503653
1132360
170003
1036522
1738072
1120332
44359985
19800047
35581834
1716364
7239
600235
48064
16861
48362
22773
89588
181149
179513
392871
8596963
920501
15504133
8791456
47501532
3632031
36643950
900762
1718533
44852667
46721
2339515
30157827
28617
770156
941270
8762410
302600
1301058
781005
5948523
43378873
7194073
33731132
571376
383712
6712404
11164739
91171
11159547
42542965
49557
24613618
4073978
52018264
8622938
206932
30343436
41436371
30978
26399628
8843403
2651130
571299
37558
322298
54410
35764429
587844
13816250
5517261
46865
1351024
20162881
3620613
17259004
40332979
508527
1001558
206552
26430438
40749149
1219913
18829015
1237273
38711
54638395
64072
32623684
344256
10279336
52110
1581108
2890783
13527568
488526
1259246
34525690
405428
200385
3148447
770930
1874744
324022
140367
40528403
422323
2318758
196148
897793
3533321
52458317
736394
446477
671128
18952631
89988
9934530
581051
3973973
93560
42083642
341814
12812737
4335
462421
28320
4103963
30496476
5153700
26187432
11038610
1213068
15442947
25456621
3444797
2239184
12240375
42012
439139
14351961
7996519
8465139
1041160
1263998
30063216
3875682
12454
100422
11905824
12777983
5589344
88492
1855239
2012474
21001557
201634
14419505
15573
5669034
29985063
10521327
757519
6419809
25518271
406910
1862185
22351259
27583194
144954
3600734
2578185
39421766
156756
20418181
2001345
405411
69406
33755646
3746
50725884
461423
19785484
2435489
3879595
16926320
629760
11372268
5767788
4591594
5210870
21681831
794262
5689803
63093
345103
29803631
57585
6778
63526
804723
32366818
20034019
182896
36437816
514897
630471
61958
341496
16764285
23079518
97817
97774
48995775
22115588
84137
5879
936030
2198185
30114276
12457392
39966282
151630
300468
5422414
33286807
40452915
1151672
3448446
17286155
2174
3719774
18016591
1296559
5876585
542922
4326550
30125776
9294053
34581521
149896
649289
4925
2326978
43395
1937968
1775425
1923656
3065569
743238
2970064
31632398
21976372
14901877
161190
1092722
606199
3199247
30707567
1102000
9236
214576
55115
21051201
998839
24982510
76747
144508
494604
14179
26342598
36034784
13664858
8680236
41735520
26071750
31168989
13623554
421699
313380
21432665
30035
1180624
17256357
12525409
27653365
41571619
9325693
157472
312641
3327376
147152
210782
1765459
43645234
16217
194316
398198
1300344
25154546
12572
2187649
2852763
2416048
423459
51375419
9500294
9476
5689713
31165
255474
11289514
2866436
13625
21057831
11772
15514352
4947706
5292174
5342788
1727
3543130
776265
29602373
432087
45985
6887017
39519569
21423531
15124855
268988
6927918
8053237
93423
3539477
61258
3692423
534366
2176146
16855965
11028525
990790
31124559
262613
13736167
33537865
3109101
154957
379359
5541749
22696716
29932
67955
27915686
60559
47387
5687361
261096
3206923
39336181
31458995
43126
191015
32926065
211825
17181314
167961
30660
10806159
147760
5689502
394310
196020
1931416
2920323
9225497
1087434
9583651
39816231
389712
3700887
9032903
5490754
39465945
423479
52720
782568
13931112
9257
530420
1115083
477505
911378
66331
3116288
18802137
507859
4741
36171685
8821097
413457
2389844
17011
8017787
12525725
43790120
25054295
262120
1903166
643999
346016
9582805
493502
2893507
192790
925974
6112678
61992
1616224
2113994
3620894
17637041
40003580
4165111
22228064
34134
1054296
930379
19924
4578255
802559
37548442
272095
106788
22462378
41522101
38181025
11101172
25245866
14295551
19193101
7672453
21453
15130066
2319323
45488348
1620297
3558390
26977166
5735156
53017272
2237161
6814366
1951235
23791473
3331285
9313699
367085
50912757
543729
237129
39241303
18952357
43675
3698250
17706372
81065
52634040
5689828
9625474
38924173
26403306
19694
44510281
1425
1478986
19447
344597
2297705
156486
5142
365352
1671117
30222385
59993
612239
18435348
351717
16293091
397710
1251647
1860568
43239543
10506838
1183767
150969
2710478
12108230
32252837
385109
5689733
12684530
4384330
8886709
4349389
4468060
45363148
37973
4582725
3565915
48803
46720
38677534
15341710
14920919
719460
31775043
737748
490065
12746429
18703984
6046855
21387040
18964
1490353
27330814
40009589
556396
167964
69785
54173
26808
4050
4054
10299322
3632008
20824685
19187812
311236
140422
78249
3677410
2710824
7862576
173061
21001681
8139956
8495744
50444
1187955
33466711
25346075
30185514
17443368
162439
202418
3348895
12561015
1074030
2581850
272599
60862
3854440
10942685
211671
2347458
50214
3590755
169496
33816
19834
41063509
355033
2676764
337029
17481711
23228857
972359
15581883
5591344
149246
4012335
24431456
17055527
19321381
42987235
1133033
9900418
1986758
669691
30467
4829056
14640471
7473
222568
20287616
1196497
1244892
53878
18976810
23210566
8029
44990
23535
43271
2649002
18367
2015638
12495
713949
1102458
5517265
315540
12041811
44145284
17943605
22586948
14233768
153664
35721801
21051660
33521
503189
2284877
19356538
6236988
681783
37764
4396940
102915
30339
31120462
393562
56978
43768937
25790729
336613
155571
1319795
1589348
21694
15631985
1157626
32447292
53797776
32850432
38472399
89530
10891776
526042
24270377
145359
2953140
26138436
177195
25374221
343613
118372
311144
6126226
5408
1583018
12536016
668359
1225919
19868945
62027
32797258
38334
23222436
40619799
51580
24627636
263424
349114
7205441
6104379
23316558
17843881
766087
39295289
40956814
10029898
15915
6490348
20163086
51375472
18965090
43483082
1262569
7466264
408407
228564
14914225
12297804
8418
15247542
2482363
1226513
1698040
3135714
8642505
1221722
36803795
10918194
17831742
20034292
899973
163417
44755
277049
28882162
44833
19360678
32006713
3232610
636475
4721
162249
1163285
37535347
319522
15807893
29927
163036
308121
1134587
2180706
19138327
2973567
3255539
2978345
23310731
31362
2229866
14958
2972910
30707715
1179477
11534627
1580801
13680702
1305157
3088822
50819512
1335280
6016829
4001376
272980
39156020
10829449
234757
65174
49281936
895424
47063425
1791212
74098
1107648
3328369
41523
21051699
6182858
81480
47397
43575836
1037074
32788
18842022
1380154
88383
37534
25657683
273777
32603
219664
45001871
38019984
1362418
208536
1234504
11759
3200791
1636825
20253983
48651365
6499579
26903
503201
51169115
6440529
733555
101681
7563954
31743
1211562
32805051
3622014
2639573
7427650
29800256
104168
2025145
15227945
8988546
4211292
216855
5025187
20764024
12434046
12485050
1391710
21492751
27029082
92221
203279
14995351
1507963
38930
1889619
71989
143562
18722722
313602
1266178
27027735
44804555
633662
662987
5676
11578406
41083944
5243711
44203
903203
52707
144759
145875
12594490
40396
8749153
7506350
34052
144810
987113
20653
187326
43382
39037960
5404557
446483
4072895
10443808
38835199
6223487
4315202
373301
26262
31360173
412809
4675880
1172016
32436778
423155
25103025
43405
15941096
1188130
1017772
5207662
12174973
5329771
13900833
239076
30046540
27641955
765766
11486170
887460
33134838
284631
889116
30830649
2488658
73408
7336201
1182564
3179626
1960791
338644
19668
4465983
32691168
704187
8082
10974
198299
2799418
3562929
19973790
880200
1496284
172764
17655420
212019
13546
53869
587879
695302
33833432
40182090
145817
19732690
187604
40074079
179293
151608
160112
2029175
30277961
978203
40529493
24891869
19156069
1241830
10318947
21001414
4252586
262008
30176398
25948545
10518880
86061
758947
4258460
2757511
4976693
417052
28381337
195765
14533
3850
39038
4804597
61322
11867
4155777
354917
22781621
10377
46852
16972981
9494388
6197738
1976125
46793
44122
70776
884813
49435428
430062
78598
17545456
148224
37782942
12826921
31844314
164420
613343
9036538
73441
33066754
12272873
195481
31950058
1786680
7712905
2236472
314843
491766
485341
2527797
44883
18565879
3173139
6395779
5655
15799852
6382443
8804408
2770615
12270746
896430
20995033
73842
31962411
712164
420332
8580
1080994
47623689
424150
42558
590909
635553
79491
204407
47264
6855707
289767
13222024
3404559
1902
9423557
56656
40969350
41747978
153421
30270366
8786
21210
228798
15237123
3421031
12432143
416499
25820332
6911786
233742
18833342
394194
8621050
1854071
1118975
11370
31673601
20465016
644671
24577701
4789109
5806040
16282491
100320
20608118
2777047
7566
938180
2501468
73259
1014333
9661942
1210990
18648723
1106093
1540309
693082
48487311
5525531
24404702
177907
7684120
194896
304719
47262559
311455
3028097
27810630
1192060
3831551
4976955
46092
5689761
2860436
14196954
3236344
15167657
30236272
46613571
16838
14779994
19167679
195306
31740
440994
4020775
6610
17614533
195485
30874039
43710363
424464
37156790
102952
764772
3666167
858073
46991
28273709
47642396
18600328
30192355
81274
49616313
152682
1335214
29032
2268516
52851
25087934
1503669
189981
4221644
1738040
418109
6054939
1274703
161487
10723564
237685
12174754
21221606
5901240
969562
2223484
25000433
47398382
31244210
5682210
12424458
1308988
304197
455616
267624
38468
19499
9403518
306470
349279
9064939
35843621
148878
393593
71574
6195501
5346974
25179916
357926
9008254
2141436
3669968
7391938
485335
32745
11610734
39394240
34453297
398165
21661375
1419153
30044
19302537
9036096
12363182
60004
592039
153353
5275919
273436
18758
23615827
767804
5167548
5370595
17491404
36053628
4179247
48918
2206342
18449273
10067647
306522
546331
380781
23519967
10771190
43449
319196
3341092
37871582
27041687
7009594
349496
30980405
6894187
15715762
47699775
407971
26689
4353272
310171
2221172
7669549
8096037
3280482
1690448
36669976
25229
2067800
37513917
22450244
3120119
9951797
42243576
663697
4179609
5747495
233737
21591896
555473
171080
29035
347713
42898621
9553850
54140962
1338681
1933
52756
6226
52604465
44613
266376
46710
1859446
21782459
7012
32907226
386023
43080485
982118
712240
23713951
3592736
3741746
5574594
708307
1009041
28247148
13667573
740176
924081
153669
13150402
1001596
47471180
45412789
585705
73631
1038531
10510304
6629
6274889
19916594
409190
713342
30273100
183580
3410788
3051575
18766525
53838014
5007072
31342615
30253685
36789562
40645728
216480
41959168
212989
65626
23000940
460656
10416168
7372808
18270615
592136
22780
4437520
36749681
53692650
1908697
35982613
3162012
331425
4337705
12029620
32298
48951
156883
32712
11250
365558
2974488
5668190
8906905
40225
10672
623789
238840
104977
41742408
51474991
222127
562343
540313
47263
5689622
158990
5233321
4110093
10612742
1267838
10444102
100840
40176
19345883
5648858
7726657
25655277
14263974
11879599
37522
7550182
25019866
3860285
1136575
13539706
8730603
1650967
6740971
34822417
2504
159599
4973036
13438712
49131332
23749
17926
28890366
35999637
46858464
890141
16208
568048
425087
4463156
790106
25875722
445112
13886140
30291715
339877
48419
16869
46884172
73331
1123257
2760753
34420
47501643
6073662
175849
20701323
16808
979227
18390633
88003
1003265
32803567
208827
2594
7777427
361408
39014
37312772
6520719
426594
1086163
1260566
4719449
36745171
30602654
1519160
12395051
11729954
33535921
14001962
15888290
166514
20886966
211826
484793
27488090
507522
43243219
31635665
86026
726320
21302
3589574
3496664
1902021
1145144
16509
3879675
644443
619750
3996979
1285006
28837519
97066
153661
31889792
613399
54211
16027
1137017
26809
501413
184826
43154197
39466391
125819
451203
4573759
10128
40239786
1171869
76811
41959002
1372200
14683460
18921118
1656784
2183356
23977980
17708853
12153654
25
1640343
27949474
1505381
610021
703940
291924
5687218
4035351
7571090
41886194
5478840
169523
4057344
34657810
96057
17332989
965178
45357421
44154
14270784
5743782
87021
6599521
7576955
32465843
32101
28048507
2474408
35557391
20183876
23277306
27641977
17362088
315710
2635192
26618026
3248499
25306227
21394000
19680601
81887
232707
541433
25648059
2823416
1048115
2193450
13486
17711102
24001006
14898345
49375644
60411
758319
55791
1583
1142338
285284
377441
4689264
993471
18356
17481271
18933424
4094516
24011854
463570
4164310
11739145
11967508
13058162
490837
1218280
53901
167805
2821477
203821
443416
3477349
17481556
2187585
26770213
14299975
23711726
34184857
47878
29717753
27712741
28982340
1091190
163555
2821622
47627804
1220522
37556
1191343
47641929
161277
3935215
1344726
11580398
10127309
179445
38330715
37521
528572
52747774
19614212
250882
924125
2047015
3040640
8290441
2368329
9009961
22054442
12896315
17882595
738695
952246
17716336
873218
79819
11978213
246843
27730446
9975302
1737474
3929605
5569380
46250540
29900534
437806
51847967
31294183
2264036
969943
2489797
2254797
6070500
443542
26197
273563
363559
18569389
6788550
284384
19317201
26049797
1599654
10341904
50635030
5500087
14826928
36652231
2067
25914
278492
374852
385925
1866679
46457078
350073
6063237
49471
17861608
209441
921415
1963680
248708
471488
43127
3418303
21532566
16894
3348601
901
26340030
11353966
184830
39797588
34780511
9549
23505559
50603
8799
3613231
42780921
330825
27748179
3152305
414617
8761118
15105981
254507
39623744
84636
2150455
2570928
325393
27790
13083295
30850
17694110
1162294
4289920
13707253
2385277
525496
2268811
44246844
27531665
676678
16064343
1073845
48565947
193449
379971
3782389
7771428
356690
42464899
29838
1618577
925271
627541
555656
2084583
1185772
30617406
7766419
46083
618649
14049029
6665850
1348281
3216469
32565813
20803077
286694
27407062
3158351
34139
714694
8935616
1969218
4909834
13033428
1733664
8210537
18557
26869583
230361
343082
78750
23046498
140639
904623
32765854
236354
212374
166344
21069008
290843
36437899
7227
383851
1644945
3551125
2340343
201180
4728620
151995
1615367
850604
4614
408092
426047
188050
22884586
4243440
1202013
80646
100062
66174
209063
498075
275686
6705854
80900
10177501
4335043
13056826
21679626
26431480
2102207
23554903
1120429
266477
9974269
35243387
22750311
21656448
9189464
28282744
24495502
329612
19192934
22549683
7510636
1507839
21543991
168459
637496
236856
10566622
16805114
1341969
14752
10823
4455024
44475
735925
1245730
221166
263101
12368553
3105997
198290
29343131
21442933
47335140
1916598
44474
4749922
4264789
1082724
5335922
6966587
6979276
159275
12461697
1437123
32432
22385
13849958
10715204
3548920
28876
2685970
1123255
5557089
9213332
3047931
57101
4188548
654546
979237
2014725
406748
435064
199665
20844588
22243526
58376
1622411
334327
271544
14350883
5493695
46744
307157
9319956
439458
718521
440375
321401
2270210
14249670
9315206
262979
9428
353767
232924
47905
10858
25082143
12011538
14626591
30873277
1087034
1402627
5070173
15139813
8185946
1600858
4251
26151053
1397955
415405
4963325
36709824
1327757
296246
2487758
1119469
34450387
801691
46182131
7761604
37132213
5654
9974
552586
680495
3401001
421853
16144107
1937992
15915338
8311
875310
2134878
12963102
2110
234121
68832
11556847
236263
1671636
1901773
151116
14099454
412214
20206108
12171881
3911650
167664
210873
48646541
46345120
166858
14976890
378579
1488279
553588
28426
8052357
2474634
6969063
360345
143294
774776
206442
19376355
1569045
300668
18566148
147429
52624147
344591
9119737
3847375
38822502
12014603
7586083
9078202
7105367
158696
17143
11121574
148003
33950556
44371
52291932
3519877
3571407
8230132
152994
42068
44103799
485394
564590
53301912
9558617
19124437
763637
6152882
23726
11418750
12160605
6088994
73375
5506044
140968
19541336
6604786
5689780
17721893
2544842
1004138
25571074
21538638
1469245
3391396
2102046
9290073
599435
16225974
23403333
1095706
11903129
18246876
45851
33422
5589148
773871
17236408
11634630
1024510
287165
14308159
7426
71966
39807166
1214676
2607068
3762029
20455
287938
26114615
647340
52697992
10212125
10747069
15866843
27367540
22467
40416723
40131894
36628575
78160
62200
4372977
39650109
41497631
10945027
17835922
19961
13893266
250701
3410
331219
1404676
1442561
52942774
37856032
49279895
137007
11294284
24304987
28017
42532276
5583645
18926
303055
16462312
327073
14005308
974726
741018
6273584
13561682
3949645
238802
12894849
14490994
191172
42224238
89074
25755262
32897
211820
13768
8249455
53802984
6251540
23842
4714392
1641514
23416994
18733814
4277081
23126535
33684
347917
10298609
18450
464545
4231578
341723
3844882
17818377
3757789
6617700
819738
278015
292736
10158081
43455
505664
1456653
562316
1273596
2282404
46959629
26720865
184399
174316
5042951
32862366
9461189
34953952
15295
24603
21387608
263286
798
39263987
27958685
937507
1581098
1395495
29298237
53139171
11193273
19003265
62696
2079510
203464
67611
694597
25662
4896496
5243877
19886
3663425
241503
2883641
2273142
10469491
21566
13009391
25147300
43715
724161
4779630
44075819
31463
791546
23053
7587984
19607049
208430
548711
8851724
12174471
4820
12707
25937553
335375
52310203
727785
39144906
42531830
29914209
723992
2659050
46688
25179
53948
20597793
1052626
428284
19572217
19639261
3209075
54391203
39829697
25461267
3093710
571374
237145
16812
303772
426208
2004001
1301040
40183571
15232411
280101
5595163
4681165
7969401
910864
12595787
17384703
896953
36812
4573680
22845293
2937699
370506
422690
885386
827035
2925342
68685
4149703
10431906
59160
6860726
24226096
11190750
420993
12026400
27016732
13931173
1094203
25107
16266461
36208516
551595
1348409
47037
2121823
75088
674453
29525682
8904819
3223502
17360
5712514
656843
21777295
60033
16193
876955
41442025
660592
4010259
2748547
1952607
808613
41496306
337140
2268427
5044502
7498320
271149
